              precision    recall  f1-score   support

           0       0.72      0.86      0.78       368
           1       0.63      0.51      0.56        63
           2       0.70      0.88      0.78        50
           3       0.73      0.62      0.67        52
           4       0.49      0.47      0.48        55
           5       0.76      0.65      0.70        49
           6       0.95      0.67      0.78        30
           7       0.35      0.38      0.36        21
           8       0.94      0.71      0.81        21
           9       0.45      0.31      0.37        16
          10       0.30      0.25      0.27        12
          11       0.33      0.07      0.12        14
          12       1.00      0.13      0.24        15
          13       0.75      0.60      0.67        10
          14       0.00      0.00      0.00         4
          15       1.00      0.50      0.67         2
          16       0.00      0.00      0.00         3

    accuracy                           0.69       785
   macro avg       0.59      0.45      0.49       785
weighted avg       0.69      0.69      0.67       785
