              precision    recall  f1-score   support

           0       0.70      0.87      0.78       368
           1       0.47      0.48      0.47        63
           2       0.50      0.72      0.59        50
           3       0.57      0.56      0.56        52
           4       0.62      0.42      0.50        55
           5       0.77      0.47      0.58        49
           6       0.90      0.63      0.75        30
           7       0.44      0.19      0.27        21
           8       0.93      0.67      0.78        21
           9       0.46      0.38      0.41        16
          10       0.17      0.08      0.11        12
          11       0.33      0.07      0.12        14
          12       0.50      0.07      0.12        15
          13       1.00      0.50      0.67        10
          14       0.00      0.00      0.00         4
          15       0.00      0.00      0.00         2
          16       0.00      0.00      0.00         3

    accuracy                           0.65       785
   macro avg       0.49      0.36      0.39       785
weighted avg       0.64      0.65      0.63       785
